#  Matrix made by manual addition of scores to give exact alignment
#  * column uses minimum score
#  
   A  R  N  D  C  Q  E  G  H  I  L  K  M  F  P  S  T  W  Y  V  B  Z  X  *
A  9 -4 -4 -4 -4 -4 -4 -4 -4 -4 -4 -4 -4 -4 -4 -4 -4 -4 -4 -4 -4 -4 -4 -4 
R -4  9 -4 -4 -4 -4 -4 -4 -4 -4 -4 -4 -4 -4 -4 -4 -4 -4 -4 -4 -4 -4 -4 -4 
N -4 -4  9 -4 -4 -4 -4 -4 -4 -4 -4 -4 -4 -4 -4 -4 -4 -4 -4 -4 -4 -4 -4 -4 
D -4 -4 -4  9 -4 -4 -4 -4 -4 -4 -4 -4 -4 -4 -4 -4 -4 -4 -4 -4 -4 -4 -4 -4 
C -4 -4 -4 -4  9 -4 -4 -4 -4 -4 -4 -4 -4 -4 -4 -4 -4 -4 -4 -4 -4 -4 -4 -4 
Q -4 -4 -4 -4 -4  9 -4 -4 -4 -4 -4 -4 -4 -4 -4 -4 -4 -4 -4 -4 -4 -4 -4 -4 
E -4 -4 -4 -4 -4 -4  9 -4 -4 -4 -4 -4 -4 -4 -4 -4 -4 -4 -4 -4 -4 -4 -4 -4 
G -4 -4 -4 -4 -4 -4 -4  9 -4 -4 -4 -4 -4 -4 -4 -4 -4 -4 -4 -4 -4 -4 -4 -4 
H -4 -4 -4 -4 -4 -4 -4 -4  9 -4 -4 -4 -4 -4 -4 -4 -4 -4 -4 -4 -4 -4 -4 -4 
I -4 -4 -4 -4 -4 -4 -4 -4 -4  9 -4 -4 -4 -4 -4 -4 -4 -4 -4 -4 -4 -4 -4 -4 
L -4 -4 -4 -4 -4 -4 -4 -4 -4 -4  9 -4 -4 -4 -4 -4 -4 -4 -4 -4 -4 -4 -4 -4 
K -4 -4 -4 -4 -4 -4 -4 -4 -4 -4 -4  9 -4 -4 -4 -4 -4 -4 -4 -4 -4 -4 -4 -4 
M -4 -4 -4 -4 -4 -4 -4 -4 -4 -4 -4 -4  9 -4 -4 -4 -4 -4 -4 -4 -4 -4 -4 -4 
F -4 -4 -4 -4 -4 -4 -4 -4 -4 -4 -4 -4 -4  9 -4 -4 -4 -4 -4 -4 -4 -4 -4 -4 
P -4 -4 -4 -4 -4 -4 -4 -4 -4 -4 -4 -4 -4 -4  9 -4 -4 -4 -4 -4 -4 -4 -4 -4 
S -4 -4 -4 -4 -4 -4 -4 -4 -4 -4 -4 -4 -4 -4 -4  9 -4 -4 -4 -4 -4 -4 -4 -4 
T -4 -4 -4 -4 -4 -4 -4 -4 -4 -4 -4 -4 -4 -4 -4 -4  9 -4 -4 -4 -4 -4 -4 -4 
W -4 -4 -4 -4 -4 -4 -4 -4 -4 -4 -4 -4 -4 -4 -4 -4 -4  9 -4 -4 -4 -4 -4 -4
Y -4 -4 -4 -4 -4 -4 -4 -4 -4 -4 -4 -4 -4 -4 -4 -4 -4 -4  9 -4 -4 -4 -4 -4 
V -4 -4 -4 -4 -4 -4 -4 -4 -4 -4 -4 -4 -4 -4 -4 -4 -4 -4 -4  9 -4 -4 -4 -4 
B -4 -4 -4 -4 -4 -4 -4 -4 -4 -4 -4 -4 -4 -4 -4 -4 -4 -4 -4 -4  9 -4 -4 -4 
Z -4 -4 -4 -4 -4 -4 -4 -4 -4 -4 -4 -4 -4 -4 -4 -4 -4 -4 -4 -4 -4  9 -4 -4 
X -4 -4 -4 -4 -4 -4 -4 -4 -4 -4 -4 -4 -4 -4 -4 -4 -4 -4 -4 -4 -4 -4  9 -4 
* -4 -4 -4 -4 -4 -4 -4 -4 -4 -4 -4 -4 -4 -4 -4 -4 -4 -4 -4 -4 -4 -4 -4  1 
